TEMP                                 POR             JAN   FEB   MAR   APR   MAY   JUN   JUL   AUG   SEP   OCT   NOV   DEC   ANN
13876BIRMINGHAM,AL                   193001-202012   0.8   0.2   0.3   0.1   0.0   0.0   0.0   0.0   0.0   0.0   0.0   0.3   1.7
03856HUNTSVILLE,AL                   195809-202012   1.3   1.0   0.4   0.0   0.0   0.0   0.0   0.0   0.0   0.0   0.1   0.7   3.5
13894MOBILE,AL                       194801-202012   0.1   0.1   0.1   0.0   0.0   0.0   0.0   0.0   0.0   0.0   0.0   0.1   0.4
13895MONTGOMERY,AL                   194801-202012   0.2   0.1   0.1   0.0   0.0   0.0   0.0   0.0   0.0   0.0   0.0   0.0   0.4
26451ANCHORAGE,AK                    195302-202010  10.7  12.4   9.9   5.0   0.2   0.0   0.0   0.0   0.3   6.8  11.7  16.1  73.1
25308ANNETTE,AK                      194101-201711  10.5   9.3   8.1   1.8   0.1   0.0   0.0   0.0   0.0   0.1   3.4   9.8  43.1
27502BARROW,AK                       190201-201910   2.7   2.8   2.2   2.8   2.3   0.6   0.5   0.7   3.7   7.7   4.9   3.3  34.2
26615BETHEL,AK                       192309-201811   7.9   7.2   8.4   5.0   1.6   0.1   0.0   0.0   0.3   3.7   8.8  10.1  53.1
26533BETTLES,AK                      195105-202011  12.3  12.1   9.5   6.4   1.1   0.0   0.0   0.0   2.3  12.0  15.0  16.2  86.9
26415BIG DELTA,AK                    191706-199711   5.6   5.2   4.2   2.8   0.6   0.4   0.0   0.0   1.6   9.2   8.4   5.8  43.8
25624COLD BAY,AK                     195003-201903  12.2  11.2  11.5   6.3   1.5   0.0   0.0   0.0   0.0   2.8   7.8  11.9  65.2
26411FAIRBANKS,AK                    192912-202012  10.9   8.8   6.6   3.3   0.6   0.0   0.0     T   1.3   9.7  12.2  11.4  64.8
26425GULKANA,AK                      190903-200107   7.7   7.2   5.1   2.8   0.6   0.0   0.0   0.1   1.1   7.8   8.7  10.0  51.1
25507HOMER,AK                        193209-199711   9.5  11.3   9.2   2.8   0.3   0.0   0.0   0.0   0.0   2.1   7.4  12.1  54.7
25309JUNEAU,AK                       193611-202012  25.3  18.2  13.6   2.4   0.0   0.0   0.0   0.0   0.0   1.0  12.5  20.6  93.6
25503KING SALMON,AK                  194202-201910   7.9   6.8   7.6   4.5   0.8   0.0   0.0   0.0   0.0   3.0   6.4   9.2  46.2
25501KODIAK,AK                       194901-201811  15.0  15.6  14.2   7.1   0.5   0.0   0.0   0.0   0.0   1.7   6.2  13.6  73.9
26616KOTZEBUE,AK                     192905-201910   7.5   8.2   6.0   5.1   1.3   0.1   0.0   0.0   1.0   6.0   8.9   8.9  53.0
26510MCGRATH,AK                      193907-201910  14.2  12.4  11.0   6.0   0.7     T   0.0   0.0   1.0   9.1  16.8  18.2  89.4
26617NOME,AK                         190610-201910  10.7   9.7   8.9   6.7   2.0   0.2   0.0   0.0   0.4   4.8  10.5  11.0  64.9
25713ST. PAUL ISLAND,AK              194901-201802  12.6  10.4  10.0   6.0   1.8   0.1   0.0   0.0   0.0   2.4   7.1  10.1  60.5
26528TALKEETNA,AK                    191808-199712  20.0  20.1  19.5   8.6   0.8   0.0   0.0   0.0   0.6  10.7  18.2  22.4 120.9
26442VALDEZ,AK                       191706-201402  59.2  53.0  42.2  17.6   2.2   0.0   0.0   0.0   0.3   8.8  35.3  60.8 279.4
25339YAKUTAT,AK                      191704-201811  32.4  31.3  31.7  11.9   0.9   0.0   0.0   0.0   0.0   3.8  18.8  31.3 162.1
03103FLAGSTAFF,AZ                    189301-202012  20.1  16.6  17.0   6.9   1.6   0.0   0.0   0.0   0.1   1.6   8.5  15.2  87.6
23183PHOENIX,AZ                      193307-202012   0.0   0.0   0.0   0.0   0.0   0.0   0.0   0.0   0.0   0.0   0.0   0.0   0.0
23160TUCSON,AZ                       194606-202008   0.3   0.2   0.2   0.0   0.0   0.0   0.0   0.0   0.0   0.0   0.1   0.2   1.0
23194WINSLOW,AZ                      189810-201006   2.6   1.8   1.7   0.5   0.0   0.0   0.0   0.0   0.0   0.2   0.9   3.5  11.2
13964FORT SMITH,AR                   194510-202012   2.2   1.4   0.5   0.0   0.0   0.0   0.0   0.0   0.0   0.0   0.3   0.8   5.2
13963LITTLE ROCK,AR                  193804-202012   2.0   1.5   0.5   0.0   0.0   0.0   0.0   0.0   0.0   0.0   0.1   0.6   4.7
23155BAKERSFIELD,CA                  193710-202012   0.0   0.0   0.0   0.0   0.0   0.0   0.0   0.0   0.0   0.0   0.0   0.0   0.0
23157BISHOP,CA                       194309-202012   3.7   1.2   0.5   0.2   0.0   0.0   0.0   0.0   0.0   0.0   0.3   1.2   7.1
23225BLUE CANYON,CA                  194003-199511  46.7  43.5  50.6  27.0   7.8   0.6   0.0   0.0   0.4   2.7  23.6  38.8 241.7
93193FRESNO,CA                       194801-202012   0.0   0.0   0.0   0.0   0.0   0.0   0.0   0.0   0.0   0.0   0.0   0.0   0.0
23129LONG BEACH,CA                   194901-202011   0.0   0.0   0.0   0.0   0.0   0.0   0.0   0.0   0.0   0.0   0.0   0.0   0.0
93134LOS ANGELES,CA                  191306-202011   0.0   0.0   0.0   0.0   0.0   0.0   0.0   0.0   0.0   0.0   0.0   0.0   0.0
24257REDDING,CA                      198609-202011   1.0   0.7   0.1   0.0   0.1   0.0   0.0   0.0   0.0   0.0   0.0   1.5   3.4
23232SACRAMENTO,CA                   194112-202011   0.0   0.0   0.0   0.0   0.0   0.0   0.0   0.0   0.0   0.0   0.0   0.0   0.0
23188SAN DIEGO,CA                    193907-202011   0.0   0.0   0.0   0.0   0.0   0.0   0.0   0.0   0.0   0.0   0.0   0.0   0.0
23272SAN FRANCISCO,CA                192101-202002   0.0   0.0   0.0   0.0   0.0   0.0   0.0   0.0   0.0   0.0   0.0   0.0   0.0
23190SANTA BARBARA,CA                194101-202010   0.0   0.0   0.0   0.0   0.0   0.0   0.0   0.0   0.0   0.0   0.0   0.0   0.0
23273SANTA MARIA,CA                  194801-202011   0.0   0.0   0.0   0.0   0.0   0.0   0.0   0.0   0.0   0.0   0.0   0.0   0.0
23237STOCKTON,CA                     194810-202011   0.0   0.0   0.0   0.0   0.0   0.0   0.0   0.0   0.0   0.0   0.0   0.0   0.0
23061ALAMOSA,CO                      194801-202012   4.7   4.3   5.3   4.0   1.4   0.0   0.0   0.0   0.2   2.7   4.0   5.3  31.9
93037COLORADO SPRINGS,CO             194804-202012   5.0   5.1   8.0   6.0   1.1   0.0   0.0   0.0   0.8   3.0   4.6   5.2  38.8
23062DENVER,CO                       194801-202012   7.4   7.7  11.7   7.9   1.6   0.0   0.0   0.0   1.3   4.0   8.1   7.5  57.2
23066GRAND JUNCTION,CO               190001-202012   5.9   3.8   2.9   0.9   0.1   0.0   0.0   0.0   0.0   0.4   2.3   5.2  21.5
93058PUEBLO,CO                       195407-202012   5.7   4.6   5.6   3.5   0.3   0.0   0.0   0.0   0.5   1.5   3.9   5.0  30.6
94702BRIDGEPORT,CT                   194807-202012   8.3   8.8   5.6   0.6   0.0   0.0   0.0   0.0   0.0   0.1   0.7   5.5  29.6
14740HARTFORD,CT                     194901-202012  13.1  12.7   8.9   1.3   0.0   0.0   0.0   0.0   0.0   0.3   1.8  10.0  48.1
13781WILMINGTON,DE                   194801-202012   6.5   6.8   3.2   0.2   0.0   0.0   0.0   0.0   0.0   0.0   0.7   3.2  20.6
93738WASHINGTON DULLES,DC            196004-202012   7.1   7.0   3.4   0.2   0.0   0.0   0.0   0.0   0.0   0.0   0.8   3.6  22.1
13743WASHINGTON NAT'L,DC             194507-202012   5.3   5.3   2.1   0.0   0.0   0.0   0.0   0.0   0.0   0.0   0.6   2.7  16.0
12834DAYTONA BEACH,FL                194801-202012   0.0   0.0   0.0   0.0   0.0   0.0   0.0   0.0   0.0   0.0   0.0   0.0   0.0
12835FORT MYERS,FL                   191306-202012   0.0   0.0   0.0   0.0   0.0   0.0   0.0   0.0   0.0   0.0   0.0   0.0   0.0
12816GAINESVILLE,FL                  196005-202012   0.0   0.0   0.0   0.0   0.0   0.0   0.0   0.0   0.0   0.0   0.0   0.0   0.0
13889JACKSONVILLE,FL                 193805-202012   0.0   0.0   0.0   0.0   0.0   0.0   0.0   0.0   0.0   0.0   0.0   0.0   0.0
12836KEY WEST,FL                     194801-202012   0.0   0.0   0.0   0.0   0.0   0.0   0.0   0.0   0.0   0.0   0.0   0.0   0.0
12839MIAMI,FL                        194801-202012   0.0   0.0   0.0   0.0   0.0   0.0   0.0   0.0   0.0   0.0   0.0   0.0   0.0
12815ORLANDO,FL                      195206-202012   0.0   0.0   0.0   0.0   0.0   0.0   0.0   0.0   0.0   0.0   0.0   0.0   0.0
13899PENSACOLA,FL                    194807-202012   0.0   0.0   0.0   0.0   0.0   0.0   0.0   0.0   0.0   0.0   0.0   0.0   0.0
93805TALLAHASSEE,FL                  194003-202012   0.0   0.1   0.0   0.0   0.0   0.0   0.0   0.0   0.0   0.0   0.0   0.0   0.1
12842TAMPA,FL                        193902-202012   0.0   0.0   0.0   0.0   0.0   0.0   0.0   0.0   0.0   0.0   0.0   0.0   0.0
12843VERO BEACH,FL                   194407-202012   0.0   0.0   0.0   0.0   0.0   0.0   0.0   0.0   0.0   0.0   0.0   0.0   0.0
12844WEST PALM BEACH,FL              193812-202012   0.0   0.0   0.0   0.0   0.0   0.0   0.0   0.0   0.0   0.0   0.0   0.0   0.0
13873ATHENS,GA                       194512-202011   0.8   0.7   0.5   0.0   0.0   0.0   0.0   0.0   0.0   0.0   0.1   0.2   2.3
13874ATLANTA,GA                      193001-202012   0.9   0.5   0.4   0.0   0.0   0.0   0.0   0.0   0.0   0.0   0.0   0.2   2.0
03820AUGUSTA,GA                      194612-202012   0.3   0.6   0.0   0.0   0.0   0.0   0.0   0.0   0.0   0.0   0.0   0.0   0.9
93842COLUMBUS,GA                     194801-202011   0.1   0.3   0.1   0.0   0.0   0.0   0.0   0.0   0.0   0.0   0.0   0.0   0.5
03813MACON,GA                        194812-202011   0.3   0.5   0.1   0.0   0.0   0.0   0.0   0.0   0.0   0.0   0.0   0.0   0.9
03822SAVANNAH,GA                     194801-202012   0.0   0.1   0.0   0.0   0.0   0.0   0.0   0.0   0.0   0.0   0.0   0.1   0.2
21504HILO,HI                         194910-202011   0.0   0.0   0.0   0.0   0.0   0.0   0.0   0.0   0.0   0.0   0.0   0.0   0.0
22521HONOLULU,HI                     194910-202011   0.0   0.0   0.0   0.0   0.0   0.0   0.0   0.0   0.0   0.0   0.0   0.0   0.0
22516KAHULUI,HI                      191506-202011   0.0   0.0   0.0   0.0   0.0   0.0   0.0   0.0   0.0   0.0   0.0   0.0   0.0
22536LIHUE,HI                        195002-202011   0.0   0.0   0.0   0.0   0.0   0.0   0.0   0.0   0.0   0.0   0.0   0.0   0.0
24131BOISE,ID                        194001-202012   6.3   3.5   1.6   0.5   0.1   0.0   0.0   0.0   0.0   0.1   2.1   5.8  20.0
24149LEWISTON,ID                     194801-202012   5.1   3.0   1.2   0.0   0.0   0.0   0.0   0.0   0.0   0.1   1.6   4.2  15.2
24156POCATELLO,ID                    193901-202012   9.1   6.9   5.4   3.4   0.5   0.0   0.0   0.0   0.0   1.6   4.5   8.9  40.3
94846CHICAGO,IL                      195811-202012  11.3   9.2   6.1   1.5   0.0   0.0   0.0   0.0   0.0   0.3   1.9   8.2  38.5
14923MOLINE,IL                       194306-202012   9.2   7.4   5.5   1.2   0.0   0.0   0.0   0.0   0.0   0.3   2.3   8.2  34.1
14842PEORIA,IL                       194305-202012   6.9   6.0   3.8   0.7     T   0.0   0.0   0.0   0.0   0.1   1.8   6.0  25.3
94822ROCKFORD,IL                     195101-202012   9.4   7.7   5.8   1.2   0.0   0.0   0.0   0.0   0.0   0.1   2.5   9.2  35.9
93822SPRINGFIELD,IL                  190101-202012   5.8   5.7   3.8   0.5   0.0   0.0   0.0   0.0   0.0   0.1   1.3   4.6  21.8
93817EVANSVILLE,IN                   194801-202012   4.1   3.4   2.1   0.2   0.0   0.0   0.0   0.0   0.0   0.1   0.5   2.7  13.1
14827FORT WAYNE,IN                   193910-202012   8.9   7.6   4.7   1.1   0.0   0.0   0.0   0.0   0.0   0.2   2.6   7.1  32.2
93819INDIANAPOLIS,IN                 194801-202012   7.8   6.2   3.5   0.4   0.0   0.0   0.0   0.0   0.0   0.2   1.4   5.7  25.2
14848SOUTH BEND,IN                   189312-202012  17.5  12.9   7.9   1.9   0.2   0.0   0.0   0.0   0.0   0.9   6.5  14.7  62.5
14933DES MOINES,IA                   194507-202012   8.5   8.4   5.6   1.7   0.1   0.0   0.0   0.0   0.0   0.4   2.7   7.3  34.7
94908DUBUQUE,IA                      195102-202012   9.7   9.0   7.7   2.2   0.1   0.0   0.0   0.0   0.0   0.3   3.2  10.6  42.8
14943SIOUX CITY,IA                   194801-202012   7.1   6.9   7.1   1.8   0.0   0.0   0.0   0.0   0.0   0.7   3.4   6.7  33.7
94910WATERLOO,IA                     195004-202012   7.9   7.5   5.2   1.5   0.0   0.0   0.0   0.0   0.0   0.2   2.9   8.3  33.5
13984CONCORDIA,KS                    189301-202012   4.5   5.2   4.0   0.9   0.0   0.0   0.0   0.0   0.0   0.2   1.7   3.9  20.4
13985DODGE CITY,KS                   191105-202012   4.1   4.3   4.5   0.9   0.0   0.0   0.0   0.0   0.0   0.3   1.9   3.4  19.4
23065GOODLAND,KS                     189509-202012   4.7   5.4   7.7   3.7   0.5   0.1   0.0   0.0   0.2   1.7   3.9   5.3  33.2
13996TOPEKA,KS                       194608-202012   5.3   4.9   3.0   0.4   0.0   0.0   0.0   0.0   0.0   0.2   1.1   4.5  19.4
03928WICHITA,KS                      195312-202012   3.8   4.1   2.4   0.2   0.0   0.0   0.0   0.0   0.0   0.1   1.1   3.3  15.0
03889JACKSON,KY                      198101-202012   7.1   6.7   3.4   0.8   0.0   0.0   0.0   0.0   0.0   0.1   0.6   4.1  22.8
93820LEXINGTON,KY                    188711-202012   5.5   4.6   2.9   0.3   0.1   0.0   0.0   0.0   0.0   0.0   1.0   3.1  17.5
93821LOUISVILLE,KY                   194801-202012   5.1   4.3   2.8   0.1   0.0   0.0   0.0   0.0   0.0   0.1   0.8   2.2  15.4
03816PADUCAH,KY                      194908-202012   3.3   2.9   1.6   0.1   0.0   0.0   0.0   0.0   0.0   0.0   0.2   1.6   9.7
13970BATON ROUGE,LA                  193001-202011   0.1   0.1   0.0   0.0   0.0   0.0   0.0   0.0   0.0   0.0   0.0   0.0   0.2
03937LAKE CHARLES,LA                 196111-202012   0.1   0.1   0.0   0.0   0.0   0.0   0.0   0.0   0.0   0.0   0.0   0.0   0.2
12916NEW ORLEANS,LA                  194801-202011   0.0   0.0   0.0   0.0   0.0   0.0   0.0   0.0   0.0   0.0   0.0   0.1   0.1
13957SHREVEPORT,LA                   193907-202012   0.8   0.4   0.1   0.0   0.0   0.0   0.0   0.0   0.0   0.0   0.0   0.1   1.4
14607CARIBOU,ME                      193906-202012  24.6  22.8  20.0   8.3   0.7   0.0   0.0   0.0   0.0   1.8  11.6  24.2 114.0
14764PORTLAND,ME                     194012-202012  19.1  17.4  12.9   2.8   0.1   0.0   0.0   0.0   0.0   0.2   2.8  14.7  70.0
93721BALTIMORE,MD                    193907-202012   5.9   6.7   3.4   0.0   0.0   0.0   0.0   0.0   0.0   0.0   0.6   3.1  19.7
14753BLUE HILL,MA                    189304-202012  16.2  16.6  12.1   3.1   0.1   0.0   0.0   0.0   0.0   0.5   2.6  11.2  62.4
14739BOSTON,MA                       193601-202012  13.0  12.4   8.0   1.2   0.0   0.0   0.0   0.0   0.0   0.1   1.1   8.0  43.8
94746WORCESTER,MA                    194806-202012  16.9  17.5  12.9   3.0   0.2   0.0   0.0   0.0   0.0   0.7   2.8  12.8  66.8
94849ALPENA,MI                       191611-202011  19.3  15.0  12.7   4.8   0.4   0.0   0.0   0.0   0.0   0.6   6.8  16.6  76.2
94847DETROIT,MI                      195812-202012  11.9  10.7   6.5   1.6   0.0   0.0   0.0   0.0   0.0   0.1   2.5   9.7  43.0
14826FLINT,MI                        194805-202012  13.2  11.3   7.3   2.4   0.0   0.0   0.0   0.0   0.0   0.2   3.8  10.7  48.9
94860GRAND RAPIDS,MI                 196312-202012  21.6  14.7   8.8   2.5   0.0   0.0   0.0   0.0   0.0   0.5   7.3  19.2  74.6
94814HOUGHTON LAKE,MI                196407-202011  17.9  13.3  10.1   4.3   0.2   0.0   0.0   0.0   0.0   0.7   8.6  15.8  70.9
14836LANSING,MI                      194801-202012  13.2  11.2   7.3   2.6   0.0   0.0   0.0   0.0   0.0   0.3   4.7  11.5  50.8
14840MUSKEGON,MI                     189610-202012  25.7  15.8   9.3   2.1   0.1   0.0   0.0   0.0   0.0   0.3   6.5  19.5  79.3
14847SAULT STE. MARIE,MI             194801-202011  30.2  20.3  14.1   6.3   0.4   0.0   0.0   0.0   0.1   2.0  15.5  30.4 119.3
14913DULUTH,MN                       194801-202012  17.1  12.9  13.8   7.6   0.8   0.0   0.0   0.0   0.1   1.9  12.2  17.1  83.5
14918INTERNATIONAL FALLS,MN          190709-202012  13.5  10.3   8.8   5.8   0.5   0.0   0.0   0.0   0.1   1.9  10.9  13.0  64.8
14922MINNEAPOLIS-ST.PAUL,MN          193805-202012  10.3   8.8  10.0   3.1   0.1   0.0   0.0   0.0   0.0   0.6   6.9  10.1  49.9
14925ROCHESTER,MN                    189301-202012  10.0   8.4   9.0   3.0   0.2   0.0   0.0   0.0   0.0   0.6   4.8   9.6  45.6
14926SAINT CLOUD,MN                  190412-202012   8.9   7.8   9.1   3.2   0.1   0.0   0.0   0.0   0.0   0.7   6.9   8.3  45.0
03940JACKSON,MS                      195101-202011   0.4   0.3   0.1   0.0   0.0   0.0   0.0   0.0   0.0   0.0   0.0   0.2   1.0
13865MERIDIAN,MS                     194406-202011   0.4   0.1   0.1   0.0   0.0   0.0   0.0   0.0   0.0   0.0   0.0   0.3   0.9
93862TUPELO,MS                       196212-202012   0.8   0.5   0.4   0.0   0.0   0.0   0.0   0.0   0.0   0.0   0.0   0.3   2.0
03945COLUMBIA,MO                     196911-202012   6.1   5.8   2.6   0.5   0.0   0.0   0.0   0.0   0.0   0.0   1.4   4.1  20.5
03947KANSAS CITY,MO                  197210-202012   5.3   5.5   2.2   0.5   0.0   0.0   0.0   0.0   0.0   0.2   1.2   4.1  19.0
13994ST. LOUIS,MO                    193805-202012   5.5   4.4   3.7   0.3   0.0   0.0   0.0   0.0   0.0   0.0   1.2   3.6  18.7
13995SPRINGFIELD,MO                  194008-202012   4.5   4.0   3.0   0.2   0.0   0.0   0.0   0.0   0.0   0.0   1.2   3.1  16.0
24033BILLINGS,MT                     194801-202012  10.4   8.3   9.7   8.1   1.5   0.0   0.0   0.0   0.9   4.2   6.8   9.4  59.3
94008GLASGOW,MT                      194801-202012   8.2   5.4   4.9   2.9   0.7   0.0   0.0   0.0   0.1   1.4   4.3   6.7  34.6
24143GREAT FALLS,MT                  193704-202012   9.6   9.1  10.4   8.0   1.8   0.3   0.0   0.1   1.3   3.8   8.0   9.1  61.5
94012HAVRE,MT                        196102-202012   8.8   6.2   6.4   4.7   1.0   0.0   0.0   0.0   0.4   2.0   5.4   7.6  42.5
24144HELENA,MT                       193905-202012   8.1   6.3   6.7   4.3   1.1   0.1   0.0   0.1   1.2   2.3   6.1   7.9  44.2
24146KALISPELL,MT                    189612-202012  15.3  10.6   6.7   2.0   0.6   0.1   0.0   0.0   0.1   1.4   8.8  14.9  60.5
24153MISSOULA,MT                     194801-202012  11.8   8.3   5.8   1.9   0.6   0.0   0.0   0.0   0.0   0.9   5.6  11.2  46.1
14935GRAND ISLAND,NE                 193804-202012   6.0   6.5   5.5   1.7   0.1   0.0   0.0   0.0   0.1   0.6   3.0   5.8  29.3
14939LINCOLN,NE                      194801-202012   6.4   6.3   4.5   1.2   0.1   0.0   0.0   0.0   0.0   0.6   2.2   5.6  26.9
14941NORFOLK,NE                      194601-202012   6.2   6.0   5.8   2.0   0.1   0.0   0.0   0.0   0.0   0.5   3.5   6.2  30.3
24023NORTH PLATTE,NE                 194801-202012   5.3   5.7   6.0   3.0   0.2   0.0   0.0   0.0   0.1   1.6   3.5   4.8  30.2
14942OMAHA,NE                        194801-202012   7.0   7.0   5.5   0.9   0.1   0.0   0.0   0.0   0.0   0.3   2.3   5.8  28.9
24028SCOTTSBLUFF,NE                  189301-202012   5.2   5.9   7.6   5.1   1.0     T   0.0   0.0   0.3   2.6   4.8   6.4  38.9
24032VALENTINE,NE                    194801-202012   4.4   6.0   7.3   4.4   0.3   0.0   0.0   0.0   0.3   1.3   4.6   5.2  33.8
24121ELKO,NV                         188804-202012  10.4   6.7   5.7   2.3   0.6   0.0   0.0   0.0   0.0   0.7   3.9   8.8  39.1
23154ELY,NV                          189301-202012   9.5   8.2  10.1   6.0   2.3   0.1   0.0   0.0   0.3   2.1   5.4   7.9  51.9
23169LAS VEGAS,NV                    194809-202012   0.6   0.0     T   0.0   0.0   0.0   0.0   0.0   0.0   0.0   0.1   0.1   0.8
23185RENO,NV                         193703-202012   5.3   5.0   3.8   1.0   0.6   0.0   0.0   0.0   0.0   0.2   1.9   4.5  22.3
24128WINNEMUCCA,NV                   187707-202012   6.4   4.5   3.9   1.8   0.4   0.0   0.0   0.0   0.0   0.5   2.3   5.7  25.5
14745CONCORD,NH                      193911-202012  17.7  15.5  11.7   2.4   0.1   0.0   0.0   0.0   0.0   0.4   3.4  14.0  65.2
14755MT. WASHINGTON,NH               194802-202009  43.2  45.0  46.9  34.7  12.0   1.2   0.0   0.1   1.7  15.2  34.6  48.9 283.5
93730ATLANTIC CITY,NJ                195807-202012   5.9   6.2   2.3   0.3   0.0   0.0   0.0   0.0   0.0   0.0   0.3   2.8  17.8
14734NEWARK,NJ                       189301-202012   8.4   9.0   5.1   0.7   0.0   0.0   0.0   0.0   0.0   0.1   1.1   5.6  30.0
23050ALBUQUERQUE,NM                  193103-202012   2.1   1.9   1.4   0.5   0.0   0.0   0.0   0.0   0.0   0.2   1.0   2.4   9.5
23051CLAYTON,NM                      189602-202012   3.2   3.7   4.4   2.1   0.4   0.0   0.0   0.0   0.1   0.6   2.9   4.7  22.1
23009ROSWELL,NM                      194901-202012   2.4   2.1   0.6   0.2   0.0   0.0   0.0   0.0   0.0   0.2   1.1   3.0   9.6
14735ALBANY,NY                       193806-202012  16.2  13.8  11.2   2.3   0.1   0.0   0.0   0.0   0.0   0.2   3.7  13.9  61.4
04725BINGHAMTON,NY                   195106-202012  20.1  18.1  14.9   4.4   0.2   0.0   0.0   0.0   0.0   0.7   7.7  18.6  84.7
14733BUFFALO,NY                      193902-202012  24.9  18.2  12.2   2.9   0.2   0.0   0.0   0.0   0.0   0.5   9.9  23.2  92.0
04781ISLIP,NY                        196309-202012   9.5   9.4   5.3   0.8   0.0   0.0   0.0   0.0   0.0   0.0   0.5   4.1  29.6
94728NEW YORK Central Park,NY        186901-202012   7.8   8.8   5.0   0.8   0.0   0.0   0.0   0.0   0.0   0.0   0.8   5.5  28.7
94789NEW YORK JFK AP,NY              194808-202012   7.4   8.2   3.9   0.5   0.0   0.0   0.0   0.0   0.0   0.0   0.4   4.3  24.7
14732NEW YORK Laguardia AP,NY        194001-202012   7.5   8.4   4.6   0.5   0.0   0.0   0.0   0.0   0.0   0.0   0.4   4.8  26.2
14768ROCHESTER,NY                    192601-202012  23.0  21.5  15.2   3.3   0.2   0.0   0.0   0.0   0.0   0.2   6.8  19.1  89.3
14771SYRACUSE,NY                     193805-202012  29.9  27.0  17.5   3.3   0.1   0.0   0.0   0.0   0.0   0.4   9.2  26.9 114.3
03812ASHEVILLE,NC                    194601-202012   3.9   3.2   1.9   0.4   0.0   0.0   0.0   0.0   0.0   0.0   0.5   2.0  11.9
93729CAPE HATTERAS,NC                195703-202012   0.4   0.5   0.4   0.0   0.0   0.0   0.0   0.0   0.0   0.0   0.0   0.5   1.8
13881CHARLOTTE,NC                    193907-202012   1.9   1.5   0.9   0.0   0.0   0.0   0.0   0.0   0.0   0.0   0.1   0.5   4.9
13723GREENSBORO-WNSTN-SALM-HGHPT,NC  192811-202012   3.2   2.4   1.4   0.0   0.0   0.0   0.0   0.0   0.0   0.0   0.1   1.3   8.4
13722RALEIGH,NC                      194406-202012   2.5   2.3   1.0   0.0   0.0   0.0   0.0   0.0   0.0   0.0   0.1   0.8   6.7
13748WILMINGTON,NC                   194801-202012   0.5   0.4   0.3   0.0   0.0   0.0   0.0   0.0   0.0   0.0   0.0   0.4   1.6
24011BISMARCK,ND                     194801-202012   8.3   7.2   8.4   4.1   0.7   0.0   0.0   0.0   0.1   1.7   6.7   8.5  45.7
14914FARGO,ND                        194202-202012   9.2   6.6   7.7   3.5   0.1   0.0   0.0   0.0   0.0   0.8   5.9   8.7  42.5
14916GRAND FORKS,ND                  194104-202012   9.3   6.2   7.5   2.8   0.2   0.0   0.0   0.0   0.0   1.1   6.0   8.9  42.0
94014WILLISTON,ND                    189401-201311   7.0   5.0   6.5   3.4   0.5   0.0   0.0   0.0   0.2   1.6   4.8   6.6  35.6
14895AKRON,OH                        194807-202012  12.2  10.5   8.3   2.3   0.1   0.0   0.0   0.0   0.0   0.4   4.0   9.8  47.6
93814CINCINNATI,OH                   194801-202012   7.3   5.9   4.0   0.5   0.0   0.0   0.0   0.0   0.0   0.2   1.6   4.0  23.5
14820CLEVELAND,OH                    193805-202012  14.7  13.0  10.4   2.5   0.0   0.0   0.0   0.0   0.0   0.4   4.8  12.0  57.8
14821COLUMBUS,OH                     194801-202012   8.8   6.8   4.3   0.8   0.0   0.0   0.0   0.0   0.0   0.1   1.9   5.5  28.2
93815DAYTON,OH                       194801-202012   8.3   6.4   4.9   0.6   0.0   0.0   0.0   0.0   0.0   0.2   1.8   5.3  27.5
14891MANSFIELD,OH                    194808-202012  12.3  10.8   7.2   1.8   0.0   0.0   0.0   0.0   0.0   0.3   2.5   8.9  43.8
94830TOLEDO,OH                       195501-202012  10.6   9.1   5.7   1.5   0.0   0.0   0.0   0.0   0.0   0.1   2.5   7.8  37.3
14852YOUNGSTOWN,OH                   193408-202012  14.7  12.1   9.8   2.6   0.1   0.0   0.0   0.0   0.0   0.5   4.9  12.8  57.5
13967OKLAHOMA CITY,OK                194801-202012   2.6   2.3   1.2   0.0   0.0   0.0   0.0   0.0   0.0   0.0   0.5   1.9   8.5
13968TULSA,OK                        193812-202012   2.8   2.4   1.7   0.0   0.0   0.0   0.0   0.0   0.0   0.0   0.6   1.8   9.3
94224ASTORIA,OR                      195302-201309   2.0   0.4   0.5   0.0   0.0   0.0   0.0   0.0   0.0   0.0   0.2   1.1   4.2
94185BURNS,OR                        198005-199511   7.0   6.7   3.8   0.7   0.2   0.0   0.0   0.0   0.0   0.7   6.0  10.2  35.3
24221EUGENE,OR                       193806-202012   3.1   1.2   0.4   0.0   0.0   0.0   0.0   0.0   0.0   0.0   0.2   1.0   5.9
24225MEDFORD,OR                      192801-202012   2.7   1.2   0.6   0.2     T   0.0   0.0   0.0   0.0   0.0   0.4   1.3   6.4
24155PENDLETON,OR                    192801-202012   6.2   3.7   0.8   0.1   0.0   0.0   0.0   0.0   0.0   0.1   1.5   4.3  16.7
24229PORTLAND,OR                     193902-202012   2.9   1.3   0.4   0.0   0.0   0.0   0.0   0.0   0.0   0.0   0.4   1.3   6.3
24232SALEM,OR                        189301-201308   3.0   1.6   0.4     T   0.0   0.0   0.0   0.0   0.0   0.1   0.2   1.7   7.0
24235SEXTON SUMMIT,OR                194801-200111  21.4  16.4  18.9   9.7   2.3   0.1   0.0   0.0   0.1   1.5   8.8  20.2  99.4
14737ALLENTOWN,PA                    194801-202012   9.3   9.7   5.9   0.6   0.0   0.0   0.0   0.0   0.0   0.1   1.2   5.8  32.6
14860ERIE,PA                         192601-202012  21.8  15.1  11.1   2.5   0.0   0.0   0.0   0.0   0.0   0.4   9.3  20.7  80.9
14711MIDDLETOWN/HARRISBURG,PA        194103-202012   9.1   9.2   6.5   0.3   0.0   0.0   0.0   0.0   0.0   0.1   1.1   5.6  31.9
13739PHILADELPHIA,PA                 194007-202012   6.8   7.2   3.7   0.3   0.0   0.0   0.0   0.0   0.0   0.1   0.5   3.6  22.2
94823PITTSBURGH,PA                   194801-202012  12.0  10.1   7.9   1.5   0.1   0.0   0.0   0.0   0.0   0.3   3.4   8.4  43.7
14777AVOCA,PA                        194901-202012  11.1  10.3   8.7   2.2   0.1   0.0   0.0   0.0   0.0   0.4   3.4   8.4  44.6
14778WILLIAMSPORT,PA                 194805-202012  10.4   9.8   7.7   1.1   0.0   0.0   0.0   0.0   0.0   0.1   2.7   8.0  39.8
14765PROVIDENCE,RI                   194801-202012  10.2  10.1   6.8   0.7   0.1   0.0   0.0   0.0   0.0   0.1   1.0   7.0  36.0
13782CHARLESTON,SC                   189301-198010   0.1   0.1   0.0   0.0   0.0   0.0   0.0   0.0   0.0   0.0   0.0   0.1   0.3
13883COLUMBIA,SC                     194801-202012   0.5   0.7   0.2   0.0   0.0   0.0   0.0   0.0   0.0   0.0   0.0   0.2   1.6
03870GREENVILLE-SPARTANBURG,SC       196211-202012   2.1   1.6   0.8   0.0   0.0   0.0   0.0   0.0   0.0   0.0   0.1   0.6   5.2
14929ABERDEEN,SD                     189301-202012   7.0   7.5   7.7   4.0   0.2   0.0   0.0   0.0   0.0   1.1   5.1   6.3  38.9
14936HURON,SD                        189301-202012   6.9   7.3   7.5   3.2   0.1   0.0   0.0   0.0   0.0   0.9   4.6   6.3  36.8
24090RAPID CITY,SD                   194805-202011   4.8   7.0   9.0   7.6   1.1   0.1   0.0   0.0   0.1   2.0   5.2   5.7  42.6
14944SIOUX FALLS,SD                  193201-202012   7.0   8.5   8.6   3.2   0.1   0.0   0.0   0.0   0.0   0.7   5.1   7.8  41.0
13877BRISTOL-JHNSN CTY-KNGSPRT,TN    193710-202012   4.5   3.9   1.8   0.3   0.0   0.0   0.0   0.0   0.0   0.0   0.7   2.4  13.6
13882CHATTANOOGA,TN                  193804-202012   1.5   1.2   0.6   0.1   0.0   0.0   0.0   0.0   0.0   0.0   0.0   0.4   3.8
13891KNOXVILLE,TN                    191001-202012   3.1   2.6   1.5   0.3   0.0   0.0   0.0   0.0   0.0   0.0   0.4   1.4   9.3
13893MEMPHIS,TN                      194001-202012   1.8   1.2   0.6   0.0   0.0   0.0   0.0   0.0   0.0   0.0   0.1   0.4   4.1
13897NASHVILLE,TN                    194801-202012   3.5   2.6   1.2   0.0   0.0   0.0   0.0   0.0   0.0   0.0   0.4   1.0   8.7
03841OAK RIDGE,TN                    194808-202011   2.8   2.6   1.0   0.1   0.0   0.0   0.0   0.0   0.0   0.0   0.2   1.3   8.0
13962ABILENE,TX                      194801-202012   1.4   1.2   0.4   0.1   0.0   0.0   0.0   0.0   0.0   0.0   0.6   0.9   4.6
23047AMARILLO,TX                     194801-202012   3.9   3.8   2.4   0.5   0.1   0.0   0.0   0.0   0.0   0.4   2.1   3.0  16.2
13958AUSTIN,TX                       193806-202012   0.4   0.3   0.0   0.0   0.0   0.0   0.0   0.0   0.0   0.0   0.0   0.0   0.7
12919BROWNSVILLE,TX                  189812-202012   0.0   0.0   0.0   0.0   0.0   0.0   0.0   0.0   0.0   0.0   0.0   0.0   0.0
12924CORPUS CHRISTI,TX               194801-202012   0.0   0.0   0.0   0.0   0.0   0.0   0.0   0.0   0.0   0.0   0.0   0.1   0.1
13960DALLAS,TX                       193908-202012   0.9   0.7   0.2   0.0   0.0   0.0   0.0   0.0   0.0   0.0   0.1   0.2   2.1
22010DEL RIO,TX                      195105-202012   0.5   0.1   0.1   0.0   0.0   0.0   0.0   0.0   0.0   0.0   0.0   0.0   0.7
23044EL PASO,TX                      193809-202012   1.1   0.7   0.3   0.3   0.0   0.0   0.0   0.0   0.0   0.0   0.9   1.6   4.9
12923GALVESTON,TX                    194608-202012   0.0   0.1   0.0   0.0   0.0   0.0   0.0   0.0   0.0   0.0   0.0   0.0   0.1
12960HOUSTON,TX                      196906-202012   0.1   0.1   0.0   0.0   0.0   0.0   0.0   0.0   0.0   0.0   0.0   0.1   0.3
23042LUBBOCK,TX                      194701-202012   2.1   2.3   1.1   0.1   0.0   0.0   0.0   0.0   0.0   0.1   1.0   2.0   8.7
23023MIDLAND-ODESSA,TX               194802-202012   1.6   0.8   0.3   0.1   0.0   0.0   0.0   0.0   0.0   0.0   0.5   1.1   4.4
12917PORT ARTHUR,TX                  194710-202012   0.2   0.2   0.0   0.0   0.0   0.0   0.0   0.0   0.0   0.0   0.0   0.0   0.4
23034SAN ANGELO,TX                   190803-202012   1.2   0.5   0.1   0.0   0.0   0.0   0.0   0.0   0.0   0.0   0.3   0.2   2.3
12921SAN ANTONIO,TX                  194609-202012   0.3   0.2   0.0   0.0   0.0   0.0   0.0   0.0   0.0   0.0   0.0   0.0   0.5
12912VICTORIA,TX                     195303-202012   0.1   0.1   0.0   0.0   0.0   0.0   0.0   0.0   0.0   0.0   0.0   0.0   0.2
13959WACO,TX                         194101-202012   0.5   0.4   0.1   0.0   0.0   0.0   0.0   0.0   0.0   0.0   0.1   0.0   1.1
13966WICHITA FALLS,TX                189701-202012   1.5   1.3   0.6   0.0   0.0   0.0   0.0   0.0   0.0   0.0   0.3   0.8   4.5
24127SALT LAKE CITY,UT               194801-202012  13.0  10.1   9.0   4.8   0.6   0.0   0.0   0.0   0.1   1.3   6.6  12.7  58.2
14742BURLINGTON,VT                   194306-202012  19.7  17.4  14.0   3.8   0.1   0.0   0.0   0.0     T   0.3   6.4  18.5  80.2
13733LYNCHBURG,VA                    194408-202012   4.8   4.8   3.0   0.2   0.0   0.0   0.0   0.0   0.0   0.0   0.5   2.5  15.8
13737NORFOLK,VA                      194601-202012   3.0   2.6   0.9   0.0   0.0   0.0   0.0   0.0   0.0   0.0   0.0   1.0   7.5
13740RICHMOND,VA                     193903-202012   4.9   3.8   2.1   0.1   0.0   0.0   0.0   0.0   0.0   0.0   0.3   1.9  13.1
13741ROANOKE,VA                      194801-202012   5.7   6.1   3.1   0.3   0.0   0.0   0.0   0.0   0.0   0.0   0.9   3.7  19.8
93739WALLOPS ISLAND,VA               196610-202012   3.4   3.2   1.0   0.2   0.0   0.0   0.0   0.0   0.0   0.0   0.1   1.5   9.4
24227OLYMPIA,WA                      194106-202011   6.2   2.9   1.4   0.1   0.0   0.0   0.0   0.0   0.0   0.0   1.2   3.0  14.8
94240QUILLAYUTE,WA                   196608-202011   4.6   2.8   1.5   0.3   0.0   0.0   0.0   0.0   0.0   0.0   1.0   2.6  12.8
24233SEATTLE,WA                      194801-202012   4.3   2.0   1.1   0.0   0.0   0.0   0.0   0.0   0.0   0.0   0.8   2.4  10.6
24157SPOKANE,WA                      189301-202012  12.9   7.8   3.6   0.6   0.1   0.0   0.0   0.0   0.0   0.3   5.5  11.7  42.5
24160WALLA WALLA,WA                  194901-201905   5.2   2.8   0.9   0.0   0.0   0.0   0.0   0.0   0.0   0.1   1.5   4.4  14.9
24243YAKIMA,WA                       194609-201901   7.6   3.1   1.2   0.0   0.0   0.0   0.0   0.0   0.0   0.1   2.6   7.9  22.5
03872BECKLEY,WV                      196306-202012  16.7  15.9   8.6   2.0   0.0   0.0   0.0   0.0   0.0   0.8   3.2  11.4  58.6
13866CHARLESTON,WV                   194712-202012  10.5   8.5   5.1   0.7   0.0   0.0   0.0   0.0   0.0   0.3   1.9   5.0  32.0
13729ELKINS,WV                       192601-202012  16.7  14.2  10.7   3.3   0.0   0.0   0.0   0.0   0.0   0.5   5.1  12.5  63.0
03860HUNTINGTON,WV                   196102-202012   7.7   6.6   3.9   0.5   0.0   0.0   0.0   0.0   0.0   0.1   0.9   3.4  23.1
14898GREEN BAY,WI                    188609-202012  12.1  10.4   8.9   3.0   0.2   0.0   0.0   0.0   0.0   0.4   4.2  10.5  49.7
14920LA CROSSE,WI                    193812-202012  10.4   8.6   8.2   2.1   0.0   0.0   0.0   0.0   0.0   0.1   3.6   9.6  42.6
14837MADISON,WI                      193910-202011  11.3   9.0   7.6   2.1   0.1   0.0   0.0   0.0   0.0   0.3   3.4  10.9  44.7
14839MILWAUKEE,WI                    193811-202011  13.8  10.6   8.1   1.9   0.1   0.0   0.0   0.0   0.0   0.2   2.9  10.3  47.9
24089CASPER,WY                       194808-202012  10.0  10.6  12.7  11.9   3.7   0.1   0.0   0.0   1.3   6.2   9.7  10.8  77.0
24018CHEYENNE,WY                     191501-202012   5.9   7.4  11.1  10.4   3.4   0.2   0.0   0.0   0.7   4.4   7.2   7.1  57.8
24021LANDER,WY                       194801-202012   8.8  11.7  16.8  18.9   6.2   0.5   0.0   0.0   2.2   9.5  12.4  10.2  97.2
24029SHERIDAN,WY                     194801-200107  11.5  10.6  12.6  10.6   1.7   0.1   0.0   0.0   1.5   4.7   8.5  11.3  73.1
41415GUAM,PC                         195703-202012   0.0   0.0   0.0   0.0   0.0   0.0   0.0   0.0   0.0   0.0   0.0   0.0   0.0
40309KOROR,PC                        195107-201807   0.0   0.0   0.0   0.0   0.0   0.0   0.0   0.0   0.0   0.0   0.0   0.0   0.0
11641SAN JUAN,PR                     195601-202008   0.0   0.0   0.0   0.0   0.0   0.0   0.0   0.0   0.0   0.0   0.0   0.0   0.0
